"lat"; "lon"; "weight"
-23.99869;  -46.4145; 1
-24.1821;  -46.47878; 31
-23.99926;  -46.41526; 5
-23.95944;  -46.33818; 14
-23.96895;  -46.36094; 8
-23.99898;  -46.41509; 11
-24.1823;  -46.47872; 19
-23.9988;  -46.41445; 7
-23.94525;  -46.3292; 3
-23.94711;  -46.33637; 9
-23.99434;  -46.40643; 2
-23.95519;  -46.33132; 1
-23.94443;  -46.32705; 10
-23.99514;  -46.40734; 1
-23.96514;  -46.33254; 3
-23.97125;  -46.39166; 2
-23.9682;  -46.38741; 5
-23.9401;  -46.32486; 5
-23.96845;  -46.33294; 1
-23.96903;  -46.38559; 1
-23.96007;  -46.33826; 7
-23.96898;  -46.33579; 3
-23.96831;  -46.35738; 1
-23.96871;  -46.35657; 3
-23.97168;  -46.39234; 5
-23.96857;  -46.35436; 3
-23.9679;  -46.3849; 5
-23.9567;  -46.33786; 2
-23.93411;  -46.3353; 3
-24.1815;  -46.47871; 19
-23.96423;  -46.38565; 1
-23.95992;  -46.33824; 3
-23.94457;  -46.32533; 2
-23.96705;  -46.37842; 2
-23.96939;  -46.33408; 2
-23.96154;  -46.3385; 7
-23.97181;  -46.39582; 3
-23.99877;  -46.41461; 12
-23.97005;  -46.39167; 1
-23.97043;  -46.39154; 4
-23.96789;  -46.3461; 1
-23.96649;  -46.38668; 3
-23.96738;  -46.37806; 8
-23.97025;  -46.36773; 1
-23.99589;  -46.40894; 8
-23.97518;  -46.40166; 2
-23.96546;  -46.38136; 2
-23.97134;  -46.3707; 7
-23.96103;  -46.33842; 5
-23.97112;  -46.3711; 7
-23.96498;  -46.38237; 3
-24.1812;  -46.47869; 6
-24.16;  -46.46702; 2
-23.93421;  -46.3353; 1
-23.96981;  -46.39051; 4
-23.96601;  -46.38104; 5
-24.1813;  -46.47883; 8
-23.96812;  -46.33928; 3
-23.96815;  -46.33987; 5
-23.93324;  -46.33426; 2
-24.1823;  -46.47853; 5
-23.96393;  -46.38444; 2
-23.96374;  -46.38477; 1
-23.96919;  -46.33472; 4
-24.11;  -46.41946; 2
-23.99898;  -46.41487; 2
-24.1819;  -46.47848; 8
-23.97085;  -46.39152; 2
-23.99867;  -46.41443; 1
-23.9621;  -46.33214; 2
-23.96772;  -46.38487; 3
-23.95939;  -46.33807; 5
-23.97171;  -46.36898; 4
-23.96658;  -46.38676; 5
-24.1824;  -46.47874; 6
-24.1818;  -46.4787; 10
-23.9422;  -46.33475; 10
-24.1815;  -46.47878; 5
-24.1807;  -46.47871; 1
-23.99857;  -46.41447; 2
-23.96812;  -46.34178; 1
-23.95676;  -46.33784; 5
-23.95877;  -46.33797; 1
-23.96992;  -46.36719; 5
-23.9692;  -46.37476; 4
-23.99863;  -46.41449; 1
-23.95386;  -46.33113; 8
-23.96882;  -46.36018; 1
-23.96974;  -46.39033; 5
-24.1809;  -46.47872; 3
-23.97045;  -46.37213; 9
-23.96951;  -46.3331; 8
-23.96517;  -46.38188; 1
-23.96778;  -46.34681; 3
-23.98274;  -46.40107; 6
-23.96206;  -46.33213; 10
-24.1814;  -46.47872; 38
-23.9987;  -46.41448; 1
-23.96128;  -46.33836; 2
-23.99883;  -46.41212; 4
-23.999;  -46.415; 1
-23.96796;  -46.34583; 1
-24.1819;  -46.47816; 1
-24.1816;  -46.47878; 10
-23.94226;  -46.33479; 2
-23.97171;  -46.39302; 2
-23.95542;  -46.33131; 4
-23.95246;  -46.33098; 2
-23.96875;  -46.33291; 3
-23.97163;  -46.37021; 5
-23.97456;  -46.40185; 5
-23.9677;  -46.37721; 3
-23.97031;  -46.39969; 2
-23.97153;  -46.37023; 4
-23.94421;  -46.32884; 4
-23.99865;  -46.41446; 4
-23.96995;  -46.38738; 3
-23.95977;  -46.33823; 3
-24.1819;  -46.47855; 1
-23.93417;  -46.33523; 1
-23.94481;  -46.33004; 2
-24.1822;  -46.47846; 2
-23.94419;  -46.329; 5
-23.97041;  -46.37264; 2
-24.1812;  -46.47881; 8
-23.99864;  -46.4142; 1
-23.96857;  -46.3539; 4
-23.96603;  -46.38662; 1
-24.1812;  -46.47874; 14
-24.1812;  -46.47868; 4
-23.96986;  -46.3671; 5
-23.99076;  -46.40191; 1
-23.96993;  -46.39118; 3
-23.97512;  -46.40177; 1
-23.96829;  -46.33295; 6
-24.1822;  -46.4788; 12
-23.94536;  -46.32783; 2
-23.96866;  -46.3854; 4
-23.95254;  -46.33093; 1
-24.1826;  -46.47842; 7
-23.96817;  -46.38406; 3
-23.96049;  -46.332; 1
-24.1804;  -46.47869; 9
-23.97149;  -46.39237; 2
-24.1819;  -46.47883; 6
-23.96641;  -46.38675; 3
-23.99215;  -46.40374; 1
-23.96598;  -46.33891; 7
-23.97058;  -46.37179; 5
-23.96734;  -46.3783; 5
-23.96346;  -46.38528; 1
-23.96363;  -46.38514; 3
-23.96996;  -46.37335; 3
-23.96528;  -46.3389; 1
-23.96827;  -46.38505; 3
-23.96869;  -46.35472; 6
-23.96843;  -46.38759; 3
-23.96628;  -46.38664; 3
-23.9537;  -46.33112; 4
-23.96895;  -46.33612; 1
-23.96957;  -46.33333; 3
-23.96626;  -46.38098; 10
-24.1816;  -46.47871; 9
-24.1819;  -46.47871; 1
-23.93358;  -46.33314; 4
-23.94465;  -46.33517; 5
-23.97106;  -46.39162; 11
-23.96643;  -46.3867; 2
-23.99907;  -46.41417; 5
-24.1811;  -46.47881; 3
-23.93928;  -46.32476; 3
-23.9649;  -46.38262; 1
-23.9689;  -46.33627; 1
-23.9682;  -46.38231; 5
-23.94634;  -46.33565; 8
-23.93474;  -46.32775; 7
-23.95954;  -46.33183; 1
-23.97103;  -46.36888; 3
-23.96902;  -46.39122; 7
-23.96652;  -46.33914; 8
-23.96517;  -46.33887; 6
-23.96814;  -46.35129; 2
-23.96745;  -46.37791; 2
-24.1823;  -46.47851; 1
-23.96649;  -46.37985; 2
-23.96409;  -46.38413; 2
-23.96819;  -46.38405; 3
-23.94709;  -46.33036; 7
-23.95315;  -46.33743; 3
-23.96751;  -46.37784; 2
-23.9454;  -46.33012; 7
-24.1813;  -46.47876; 15
-23.99581;  -46.40881; 3
-23.97103;  -46.37118; 3
-23.96803;  -46.3391; 2
-23.96728;  -46.33919; 8
-23.96322;  -46.33231; 12
-23.96828;  -46.37626; 1
-23.96858;  -46.35842; 2
-24.1815;  -46.47874; 6
-23.9544;  -46.33115; 10
-24.1817;  -46.4786; 1
-23.96878;  -46.36108; 5
-23.96679;  -46.33268; 8
-23.97219;  -46.39898; 1
-24.1816;  -46.47858; 1
-23.99504;  -46.40727; 6
-23.96826;  -46.40217; 6
-23.94437;  -46.32752; 5
-24.1817;  -46.47872; 28
-23.93713;  -46.33256; 6
-23.96983;  -46.37332; 12
-23.9686;  -46.38542; 1
-23.94446;  -46.32663; 7
-23.97201;  -46.39784; 1
-23.99858;  -46.41452; 2
-23.96982;  -46.36621; 2
-23.97178;  -46.39591; 6
-23.96798;  -46.34365; 7
-24.1819;  -46.47878; 1
-23.97202;  -46.39736; 2
-23.96814;  -46.34347; 1
-23.95346;  -46.33746; 1
-23.96704;  -46.33267; 2
-23.94448;  -46.32669; 2
-23.94522;  -46.33538; 1
-23.96891;  -46.37527; 6
-23.96767;  -46.34743; 5
-23.94398;  -46.33495; 1
-23.9686;  -46.35801; 10
-23.96905;  -46.36163; 9
-23.99665;  -46.40963; 1
-23.96843;  -46.35301; 1
-24.181;  -46.4787; 6
-23.94272;  -46.32504; 1
-24.182;  -46.47852; 7
-23.94156;  -46.33475; 9
-23.94693;  -46.33612; 7
-23.9341;  -46.33094; 1
-23.96787;  -46.34794; 4
-23.9684;  -46.35459; 3
-23.99958;  -46.41549; 13
-23.95311;  -46.33741; 1
-23.9716;  -46.36983; 1
-23.96901;  -46.37475; 4
-23.99876;  -46.41433; 2
-23.96982;  -46.36677; 4
-23.99863;  -46.41441; 5
-23.96546;  -46.38629; 4
-23.95667;  -46.3379; 5
-23.969;  -46.37471; 3
-23.97135;  -46.3704; 1
-23.96737;  -46.37798; 3
-23.96676;  -46.3814; 5
-23.96923;  -46.3748; 12
-24.1818;  -46.47886; 1
-23.95675;  -46.3379; 2
-23.97147;  -46.37048; 1
-24.1823;  -46.47875; 5
-23.99164;  -46.40307; 8
-23.95325;  -46.33742; 1
-23.96848;  -46.35734; 7
-23.95955;  -46.33186; 3
-23.96918;  -46.3744; 6
-23.9684;  -46.35873; 1
-23.96307;  -46.33862; 2
-23.96792;  -46.34742; 1
-23.94527;  -46.33005; 3
-23.95735;  -46.33792; 2
-23.949068;  -46.336944; 29
-23.93828;  -46.32474; 6
-23.9647;  -46.33251; 3
-24.1811;  -46.47867; 3
-24.1822;  -46.47878; 5
-23.96564;  -46.38104; 1
-23.96862;  -46.38528; 2
-23.99934;  -46.41419; 2
-24.1527;  -46.46515; 5
-23.99899;  -46.41381; 1
-24.181;  -46.47872; 3
-23.96826;  -46.38221; 1
-24.1817;  -46.47869; 6
-23.9987;  -46.41449; 11
-23.99866;  -46.41455; 1
-24.1811;  -46.4788; 2
-23.96747;  -46.37806; 6
-23.9698;  -46.36532; 8
-23.9874;  -46.40052; 5
-23.99863;  -46.41435; 3
-23.95891;  -46.33175; 1
-23.97192;  -46.39635; 1
-23.96818;  -46.3823; 6
-23.99871;  -46.41447; 3
-23.94552;  -46.33545; 6
-23.99908;  -46.41421; 4
-24.182;  -46.47875; 21
-24.1813;  -46.47815; 1
-23.96834;  -46.40059; 1
-23.93497;  -46.32776; 2
-23.96851;  -46.353; 1
-23.96432;  -46.38569; 1
-23.96663;  -46.33269; 3
-23.9662;  -46.33266; 9
-23.96813;  -46.34104; 12
-24.1808;  -46.47869; 2
-23.99861;  -46.41447; 4
-24.1806;  -46.47873; 5
-24.1807;  -46.47873; 3
-23.96878;  -46.36106; 7
-23.99876;  -46.4145; 2
-24.1808;  -46.4787; 7
-23.99877;  -46.41453; 5
-23.99136;  -46.40301; 17
-23.9986;  -46.4145; 3
-24.1812;  -46.47872; 8
-23.99833;  -46.41406; 3
-24.1825;  -46.47876; 2
-23.99934;  -46.41421; 6
-23.94387;  -46.32511; 1
-23.98712;  -46.40044; 1
-23.96963;  -46.33324; 1
-23.96601;  -46.38086; 1
-24.1814;  -46.47874; 11
-23.99171;  -46.40317; 2
-23.93454;  -46.3285; 5
-23.97221;  -46.39932; 4
-23.94911;  -46.33062; 1
-23.96811;  -46.35101; 17
-23.96903;  -46.33519; 2
-23.99868;  -46.4145; 4
-24.1816;  -46.47876; 2
-23.99631;  -46.4089; 8
-23.93427;  -46.33529; 4
-23.94079;  -46.33474; 1
-23.96911;  -46.33521; 6
-23.96862;  -46.37567; 2
-23.97208;  -46.39803; 1
-23.94526;  -46.33535; 14
-23.96843;  -46.35675; 5
-23.98163;  -46.4011; 2
-23.99865;  -46.41444; 5
-24.1642;  -46.46829; 1
-23.93359;  -46.33264; 5
-23.9689;  -46.37513; 1
-23.95353;  -46.33744; 2
-24.1812;  -46.4787; 2
-24.182;  -46.47872; 2
-23.9698;  -46.36438; 13
-23.96727;  -46.40203; 3
-23.95798;  -46.33161; 3
-23.96859;  -46.37583; 4
-23.95294;  -46.33745; 3
-23.97005;  -46.38937; 4
-23.96785;  -46.3328; 11
-23.9715;  -46.37044; 1
-23.9694;  -46.38562; 2
-23.93355;  -46.33296; 7
-24.181;  -46.47869; 5
-23.96805;  -46.3496; 1
-23.97174;  -46.39364; 2
-24.474;  -46.43891; 11
-23.96358;  -46.3853; 3
-23.96755;  -46.33902; 4
-24.1805;  -46.47872; 6
-23.94722;  -46.33654; 2
-23.96759;  -46.40247; 12
-23.96419;  -46.38406; 3
-23.94945;  -46.33063; 1
-24.182;  -46.4787; 2
-23.96825;  -46.34076; 4
-23.9598;  -46.33814; 8
-23.95264;  -46.33735; 3
-24.1817;  -46.47875; 14
-24.1825;  -46.47842; 2
-23.96747;  -46.33899; 6
-23.96799;  -46.34972; 1
-23.94155;  -46.3348; 5
-23.93479;  -46.32782; 6
-23.95259;  -46.33097; 6
-23.99819;  -46.41257; 1
-23.99877;  -46.41425; 4
-24.1819;  -46.47877; 18
-23.96801;  -46.34445; 6
-23.96863;  -46.35362; 2
-23.93414;  -46.33527; 9
-23.94222;  -46.33481; 6
-23.96853;  -46.3824; 3
-23.94869;  -46.33684; 2
-23.99869;  -46.41445; 4
-23.96865;  -46.33302; 1
-23.99508;  -46.40726; 1
-23.97184;  -46.39455; 1
-23.96909;  -46.38954; 1
-24.1821;  -46.47848; 1
-24.1811;  -46.47876; 16
-23.93532;  -46.32504; 7
-23.96998;  -46.38625; 2
-23.96889;  -46.33606; 18
-23.96813;  -46.3842; 1
-23.96817;  -46.33292; 8
-23.96797;  -46.38421; 3
-23.97128;  -46.39883; 12
-23.96895;  -46.36205; 2
-23.99866;  -46.41446; 2
-23.94418;  -46.32892; 9
-23.9579;  -46.33157; 6
-23.96516;  -46.33888; 3
-23.99841;  -46.41178; 5
-23.96866;  -46.38884; 2
-23.93484;  -46.33473; 4
-23.95742;  -46.33151; 2
-23.96636;  -46.38664; 1
-23.96839;  -46.35175; 2
-24.1815;  -46.47872; 4
-23.99906;  -46.41419; 2
-23.96977;  -46.3644; 4
-23.97147;  -46.37022; 4
-23.94143;  -46.32494; 1
-23.96742;  -46.37802; 7
-23.96792;  -46.33913; 6
-23.96973;  -46.39026; 2
-23.96838;  -46.35191; 4
-23.96983;  -46.36453; 1
-24.1822;  -46.4787; 3
-24.173;  -46.47106; 1
-23.96653;  -46.40101; 7
-23.97485;  -46.40184; 26
-23.94413;  -46.32977; 3
-24.1821;  -46.47869; 11
-23.96878;  -46.35361; 1
-23.94446;  -46.32674; 1
-23.99866;  -46.41437; 2
-23.97074;  -46.37175; 1
0.0;  0.0; 6
-24.1814;  -46.47878; 11
-23.96993;  -46.38736; 2
-23.96865;  -46.40071; 1
-23.9446;  -46.32529; 1
-23.96704;  -46.38692; 13
-23.95799;  -46.33804; 4
-23.97164;  -46.39847; 5
-23.96219;  -46.33218; 5
-23.97003;  -46.39167; 1
-23.9657;  -46.38099; 2
-23.97906;  -46.40138; 8
-23.95803;  -46.338; 3
-23.98062;  -46.40103; 4
-23.97955;  -46.40138; 3
-24.1815;  -46.47875; 24
-23.96792;  -46.34541; 2
-23.9672;  -46.33255; 7
-23.93512;  -46.32612; 5
-23.96498;  -46.38269; 1
-23.9679;  -46.34615; 3
-23.98698;  -46.40059; 14
-23.96033;  -46.33836; 2
-23.99123;  -46.40284; 5
-23.97077;  -46.37151; 6
-24.1816;  -46.47874; 4
-23.93315;  -46.33441; 8
-23.96643;  -46.37976; 3
-23.99863;  -46.41443; 4
-23.96845;  -46.38248; 4
-23.97185;  -46.36955; 1
-23.94749;  -46.33033; 4
-24.1825;  -46.47879; 7
-23.96607;  -46.3865; 2
-23.96215;  -46.33223; 6
-24.91;  -46.45493; 5
-23.97174;  -46.39333; 5
-24.1401;  -46.46218; 3
-23.99404;  -46.40628; 4
-23.9697;  -46.33321; 2
-23.9918;  -46.40333; 1
-23.96806;  -46.34093; 4
-23.9683;  -46.33991; 8
-24.1807;  -46.47852; 1
-23.96488;  -46.33251; 7
-24.18;  -46.47866; 6
-23.93505;  -46.32668; 2
-23.96842;  -46.35642; 1
-23.96897;  -46.38561; 3
-24.1814;  -46.47871; 7
-23.99873;  -46.4144; 3
-23.96878;  -46.36014; 1
-23.96869;  -46.35557; 6
-23.96846;  -46.33894; 3
-23.9687;  -46.35602; 12
-23.93535;  -46.32488; 7
-23.9336;  -46.33498; 1
-23.9987;  -46.41447; 6
-23.96971;  -46.40032; 4
-23.96101;  -46.33205; 12
-23.97191;  -46.39572; 1
-23.99868;  -46.41459; 2
-23.9702;  -46.36792; 1
-24.1824;  -46.47863; 4
-23.97017;  -46.37302; 2
-23.97172;  -46.3928; 1
-24.1818;  -46.47869; 2
-23.94506;  -46.3353; 8
-23.97164;  -46.39323; 6
-23.9677;  -46.37722; 5
-23.97147;  -46.36953; 1
-23.95165;  -46.33082; 2
-23.93653;  -46.32457; 5
-23.97195;  -46.3966; 4
-23.99867;  -46.41447; 4
-23.99832;  -46.41406; 7
-23.97171;  -46.36894; 10
-23.94543;  -46.3301; 3
-24.1808;  -46.47867; 8
-23.99411;  -46.40633; 2
-23.94457;  -46.32541; 3
-23.96608;  -46.38052; 6
-23.96878;  -46.38828; 6
-24.1806;  -46.47864; 1
-23.95959;  -46.33183; 6
-23.96829;  -46.40217; 3
-23.95372;  -46.33115; 3
-24.1809;  -46.47876; 5
-23.99934;  -46.41423; 9
-23.93416;  -46.33524; 1
-24.1807;  -46.47868; 3
-23.9988;  -46.41206; 1
-23.9715;  -46.37019; 9
-23.96869;  -46.36069; 4
-23.96543;  -46.38637; 1
-24.1814;  -46.47876; 6
-23.96832;  -46.37649; 6
-23.99864;  -46.41446; 7
-23.96366;  -46.33234; 7
-23.96697;  -46.33262; 8
-23.96651;  -46.38678; 4
-23.96904;  -46.33548; 3
-23.99909;  -46.41418; 1
-23.96806;  -46.34214; 2
-23.96859;  -46.38268; 4
-23.99876;  -46.41458; 12
-23.95687;  -46.33786; 14
-23.95341;  -46.33106; 9
-23.96879;  -46.38548; 2
-23.99868;  -46.41452; 6
-23.95567;  -46.33772; 1
-24.1818;  -46.47872; 2
-23.96515;  -46.33257; 3
-23.96624;  -46.38656; 5
-24.1762;  -46.47419; 1
-23.96809;  -46.40058; 2
-23.96926;  -46.33468; 8
-23.97157;  -46.39163; 2
-23.9653;  -46.33899; 2
-23.96649;  -46.37982; 6
-23.96323;  -46.33863; 1
-23.9697;  -46.33324; 6
-23.97156;  -46.39235; 1
-23.9439;  -46.32521; 5
-23.93518;  -46.33441; 2
-23.97172;  -46.39477; 4
-23.96645;  -46.38677; 8
-23.94461;  -46.32556; 1
-23.96905;  -46.39097; 3
-23.9716;  -46.3701; 2
-23.96813;  -46.38747; 2
-23.99583;  -46.40886; 3
-23.93676;  -46.32464; 2
-23.96706;  -46.38161; 3
-23.93452;  -46.32961; 1
-24.1827;  -46.47877; 5
-24.1826;  -46.4788; 19
-23.96795;  -46.34867; 4
-23.99933;  -46.41425; 1
-23.96361;  -46.38515; 2
-23.96796;  -46.38211; 7
-23.99909;  -46.4142; 4
-23.95655;  -46.33144; 1
-23.97217;  -46.3993; 1
-23.96883;  -46.38549; 2
-23.94716;  -46.33036; 4
-24.1819;  -46.47875; 17
-23.94518;  -46.33532; 2
-23.9987;  -46.41439; 6
-23.99712;  -46.41024; 1
-23.96743;  -46.38184; 1
-23.97015;  -46.36763; 1
-23.99525;  -46.4079; 1
-23.96912;  -46.33303; 5
-23.96646;  -46.38675; 1
-23.95956;  -46.33186; 6
-23.9569;  -46.33781; 3
-23.97103;  -46.37112; 1
-24.1815;  -46.4787; 1
-24.181;  -46.4788; 6
-23.96871;  -46.33758; 4
-23.9518;  -46.33087; 6
-23.99908;  -46.4143; 7
-23.94732;  -46.33036; 7
-24.1811;  -46.47874; 15
-23.9444;  -46.32662; 1
-23.96957;  -46.33311; 4
-23.95876;  -46.33801; 1
-23.97053;  -46.39954; 3
-23.96889;  -46.35342; 7
-23.94443;  -46.32655; 1
-24.1813;  -46.47873; 10
-23.96796;  -46.3417; 5
-24.1815;  -46.47869; 5
-23.96769;  -46.37727; 2
-23.95334;  -46.33103; 7
-23.96814;  -46.34023; 6
-23.96881;  -46.35999; 2
-23.9446;  -46.32537; 8
-23.97177;  -46.39501; 1
-23.96881;  -46.38881; 2
-23.96876;  -46.36095; 4
-23.9686;  -46.35691; 5
-23.96716;  -46.33258; 1
-23.96547;  -46.38635; 2
-23.95342;  -46.33111; 2
-23.98271;  -46.40089; 3
-23.96805;  -46.34258; 1
-23.96798;  -46.38211; 3
-23.96607;  -46.38059; 2
-23.94407;  -46.32522; 2
-23.94512;  -46.33004; 3
-23.96618;  -46.38006; 1
-23.96421;  -46.33879; 1
-23.96478;  -46.33254; 11
-24.1807;  -46.4787; 1
-23.99878;  -46.41324; 1
-23.94455;  -46.32573; 4
-23.96941;  -46.36373; 6
-23.96728;  -46.33252; 8
-23.96795;  -46.34539; 2
-23.9719;  -46.39825; 4
-23.96795;  -46.34881; 17
-23.99933;  -46.41423; 3
-23.9688;  -46.35629; 4
-23.96082;  -46.3382; 1
-23.98384;  -46.40095; 3
-23.9959;  -46.40887; 3
-24.181;  -46.47874; 5
-23.96794;  -46.3821; 2
-23.96935;  -46.37462; 2
-23.97976;  -46.4012; 4
-23.96906;  -46.3904; 10
-23.96656;  -46.33903; 5
-23.9632;  -46.33227; 6
-23.95614;  -46.33135; 10
-23.96775;  -46.4027; 2
-23.94445;  -46.32683; 2
-23.96848;  -46.35293; 4
-23.96816;  -46.34973; 3
-23.99861;  -46.41438; 5
-23.9695;  -46.36419; 3
-23.96981;  -46.39065; 7
-23.93694;  -46.32459; 3
-23.97176;  -46.40165; 6
-23.9713;  -46.37085; 1
-23.96747;  -46.3776; 1
-23.96785;  -46.34861; 3
-23.93392;  -46.33514; 2
-23.9681;  -46.35118; 7
-23.97016;  -46.36563; 7
-23.97073;  -46.37185; 4
-23.9342;  -46.33523; 6
-24.1819;  -46.47868; 10
-23.99878;  -46.41441; 8
-24.1814;  -46.47873; 9
-23.99873;  -46.41458; 1
-23.96271;  -46.33224; 1
-23.97422;  -46.40178; 1
-23.94517;  -46.33532; 3
-23.94233;  -46.32508; 5
-23.98926;  -46.40057; 7
-24.1816;  -46.47879; 4
-23.9686;  -46.35447; 4
-24.1825;  -46.47791; 5
-23.99878;  -46.4146; 4
-24.1816;  -46.47883; 1
-24.1822;  -46.47877; 29
-23.96799;  -46.34486; 2
-23.96774;  -46.34812; 4
-23.96566;  -46.38097; 4
-23.96669;  -46.38683; 6
-23.96536;  -46.33253; 4
-23.97169;  -46.39329; 2
-23.96863;  -46.3828; 6
-23.97147;  -46.36937; 2
-24.1811;  -46.47869; 3
-24.181;  -46.47871; 4
-23.99933;  -46.41424; 1
-23.96841;  -46.35648; 3
-23.96872;  -46.35522; 3
-23.96352;  -46.38518; 5
-23.93715;  -46.32468; 3
-23.98151;  -46.40113; 1
-24.1822;  -46.47813; 1
-23.94888;  -46.33691; 5
-23.99881;  -46.41451; 3
-24.1817;  -46.47877; 8
-24.1818;  -46.47876; 19
-23.99511;  -46.40726; 2
-24.1746;  -46.479; 1
-23.98484;  -46.40067; 1
-23.96696;  -46.33274; 6
-23.95788;  -46.33802; 5
-23.99857;  -46.41417; 2
-23.97131;  -46.37077; 5
-24.1812;  -46.4788; 7
-24.1819;  -46.47884; 3
-23.9649;  -46.3389; 3
-24.1812;  -46.47876; 4
-23.9678;  -46.37716; 2
-24.1809;  -46.47874; 1
-23.97069;  -46.39151; 1
-23.96958;  -46.33331; 10
-23.99294;  -46.40499; 2
-23.94867;  -46.33686; 7
-23.99937;  -46.41307; 2
-23.95863;  -46.33172; 3
-23.96074;  -46.33201; 2
-23.99819;  -46.41179; 3
-23.96851;  -46.3571; 1
-23.99878;  -46.41458; 6
-23.96805;  -46.35236; 10
-24.1816;  -46.47872; 18
-23.93617;  -46.33275; 3
-23.99884;  -46.41439; 1
-23.93322;  -46.33436; 3
-23.99875;  -46.41455; 2
-23.99963;  -46.41316; 2
-23.95367;  -46.3375; 2
-24.156;  -46.42627; 4
-23.97013;  -46.36562; 3
-23.94421;  -46.32905; 4
-23.96825;  -46.35721; 4
-24.1814;  -46.47869; 2
-24.1819;  -46.47881; 2
-23.93417;  -46.33066; 2
-23.94979;  -46.33068; 1
-23.9639;  -46.38442; 4
-23.96909;  -46.33593; 11
-23.94028;  -46.32489; 1
-23.93691;  -46.32468; 6
-24.1811;  -46.47873; 5
-24.1813;  -46.47869; 7
-23.97215;  -46.39898; 10
-23.97028;  -46.38858; 3
-23.96836;  -46.35243; 8
-23.96403;  -46.38421; 5
-23.9689;  -46.38892; 7
-23.96747;  -46.37796; 4
-23.96861;  -46.33299; 6
-23.93471;  -46.33494; 5
-23.96906;  -46.39081; 10
-23.97131;  -46.37048; 8
-23.96989;  -46.38626; 3
-23.95924;  -46.33811; 3
-23.96677;  -46.33277; 1
-23.96203;  -46.3322; 12
-23.97125;  -46.39165; 2
-24.1815;  -46.47877; 8
-23.95057;  -46.3371; 5
-23.99716;  -46.41022; 21
-23.94422;  -46.32897; 1
-23.99476;  -46.40726; 8
-23.99905;  -46.41423; 2
-23.9677;  -46.3472; 10
-23.99594;  -46.40896; 17
-23.93398;  -46.3314; 1
-23.94425;  -46.32863; 1
-24.1817;  -46.47871; 5
-23.97169;  -46.39513; 3
-23.94726;  -46.33661; 6
-23.96869;  -46.33291; 6
-23.93794;  -46.32467; 2
-23.95363;  -46.33742; 1
-23.96879;  -46.38541; 4
-23.96976;  -46.39041; 2
-23.99859;  -46.41445; 2
-23.94851;  -46.33049; 2
-23.95249;  -46.33093; 1
-23.96805;  -46.34216; 1
-23.96151;  -46.33843; 3
-23.98048;  -46.40128; 24
-23.93335;  -46.33478; 7
-23.94953;  -46.33058; 2
-23.96539;  -46.38152; 1
-23.93692;  -46.32465; 7
-23.99882;  -46.41319; 3
-24.1803;  -46.47864; 7
-23.9606;  -46.3383; 6
-23.96831;  -46.35721; 11
-23.96911;  -46.39045; 1
-23.93427;  -46.33018; 1
-23.96377;  -46.38494; 5
-23.9455;  -46.33011; 9
-23.96861;  -46.33766; 2
-23.96822;  -46.33298; 3
-23.97181;  -46.37006; 5
-23.96529;  -46.3389; 8
-23.96956;  -46.33321; 6
-23.95581;  -46.33141; 1
-23.93564;  -46.33391; 2
-23.97002;  -46.37309; 3
-24.1809;  -46.47878; 6
-24.18;  -46.47865; 3
-23.99873;  -46.41468; 4
-23.96985;  -46.36666; 8
-23.95437;  -46.33757; 8
-24.1295;  -46.45763; 3
-23.94711;  -46.33032; 1
-23.99864;  -46.41445; 5
-23.96896;  -46.38558; 4
-23.99872;  -46.41445; 2
-23.97139;  -46.36883; 2
-24.1817;  -46.47876; 1
-23.9678;  -46.34583; 11
-23.96486;  -46.33881; 9
-23.97421;  -46.40174; 3
-23.99866;  -46.41447; 6
-23.96837;  -46.339; 14
-23.99681;  -46.40986; 4
-23.96822;  -46.34074; 3
-23.96795;  -46.38445; 1
-23.97034;  -46.36777; 5
-23.99869;  -46.41441; 2
-23.9986;  -46.41441; 1
-24.182;  -46.47876; 13
-23.93486;  -46.32771; 2
-23.97073;  -46.37181; 4
-23.96828;  -46.34957; 1
-23.96894;  -46.38892; 2
-23.99917;  -46.41537; 5
-24.1815;  -46.47879; 11
-23.96904;  -46.36257; 5
-23.97095;  -46.36875; 7
-23.97125;  -46.3709; 1
-23.9716;  -46.39248; 6
-23.96484;  -46.38258; 1
-24.1824;  -46.47873; 3
-23.96418;  -46.38572; 2
-24.1812;  -46.47873; 7
-24.1819;  -46.47853; 1
-24.1809;  -46.47871; 8
-23.96879;  -46.38868; 6
-23.97027;  -46.36812; 3
-23.96883;  -46.38874; 2
-23.97114;  -46.39151; 4
-24.1442;  -46.45965; 2
-24.597;  -46.44386; 14
-24.1814;  -46.47875; 8
-24.1816;  -46.47869; 7
-23.96712;  -46.38175; 2
-23.967;  -46.33272; 1
-23.96903;  -46.37507; 9
-23.96945;  -46.36402; 3
-23.96782;  -46.34584; 2
-23.96402;  -46.38421; 5
-23.96467;  -46.3326; 5
-23.99868;  -46.4146; 2
-23.96627;  -46.38026; 6
-23.99878;  -46.41462; 3
-23.99868;  -46.41448; 3
-23.96954;  -46.33305; 1
-23.97128;  -46.36904; 3
-23.95247;  -46.33735; 7
-24.1818;  -46.47871; 1
-23.96844;  -46.35336; 1
-23.96984;  -46.38619; 2
-23.99882;  -46.4144; 4
-23.93693;  -46.32457; 10
-23.94868;  -46.33049; 7
-23.99867;  -46.4144; 5
-23.9986;  -46.41446; 5
-24.182;  -46.47873; 18
-24.181;  -46.47873; 2
-23.96791;  -46.34921; 2
-23.99866;  -46.41445; 7
-23.95675;  -46.33785; 5
-23.96972;  -46.36492; 10
-23.9662;  -46.38656; 7
-24.1803;  -46.47868; 11
-23.96349;  -46.33243; 1
-23.95824;  -46.33804; 7
-23.93602;  -46.33285; 15
-24.1816;  -46.4785; 8
-23.96789;  -46.34524; 3
-24.1808;  -46.47872; 4
-23.96151;  -46.33847; 1
-23.96897;  -46.33589; 1
-23.9519;  -46.33092; 8
-23.95005;  -46.33064; 11
-23.93482;  -46.32818; 2
-23.97128;  -46.39165; 5
-23.97027;  -46.36739; 1
-23.97176;  -46.36963; 2
-23.94861;  -46.33683; 3
-23.96654;  -46.38673; 2
-23.95977;  -46.33183; 4
-23.96872;  -46.37541; 1
-23.96718;  -46.37842; 2
-24.1817;  -46.47874; 7
-23.96956;  -46.37401; 8
-23.96847;  -46.3593; 4
-23.9717;  -46.39406; 2
-23.94452;  -46.32592; 5
-23.93377;  -46.33261; 3
-23.96365;  -46.33243; 8
-23.99879;  -46.41453; 2
-24.1819;  -46.47876; 23
-24.1813;  -46.4788; 9
-23.96879;  -46.38544; 3
-23.97084;  -46.37174; 5
-23.99876;  -46.41447; 2
-23.96907;  -46.37507; 4
-24.1823;  -46.47876; 3
-23.96812;  -46.38406; 4
-23.95086;  -46.33082; 2
-24.1821;  -46.47875; 10
-23.9643;  -46.38569; 1
-23.96345;  -46.38538; 3
-24.1803;  -46.47872; 2
-23.99869;  -46.41446; 1
-23.97217;  -46.39898; 3
-23.93992;  -46.32491; 6
-23.97274;  -46.40166; 8
-23.98993;  -46.4013; 3
-23.96779;  -46.33901; 8
-23.968;  -46.38432; 2
-24.1811;  -46.47871; 15
-23.99534;  -46.40762; 1
-23.99867;  -46.41459; 6
-23.96916;  -46.38539; 3
-23.9685;  -46.35995; 3
-23.9687;  -46.38302; 2
-23.96093;  -46.33836; 9
-23.96782;  -46.34693; 13
-23.96564;  -46.38638; 7
-24.1813;  -46.47877; 3
-23.96702;  -46.33267; 12
-23.96906;  -46.39095; 3
-23.93529;  -46.32525; 4
-23.96815;  -46.34039; 1
-24.1815;  -46.4788; 2
-23.96946;  -46.36328; 1
-23.95051;  -46.33714; 3
-23.96819;  -46.33286; 4
-23.96098;  -46.33837; 26
-23.96524;  -46.33889; 7
-24.1817;  -46.4787; 6
-24.1811;  -46.47879; 1
-23.97024;  -46.38884; 3
-23.93661;  -46.32464; 1
-23.99879;  -46.41337; 6
-24.1817;  -46.47873; 12
-24.1824;  -46.47842; 5
-23.96722;  -46.37832; 14
-23.96989;  -46.36677; 5
-23.96989;  -46.36547; 4
-23.95177;  -46.33084; 5
-23.99126;  -46.40246; 2
-24.1826;  -46.47879; 16
-23.9698;  -46.39033; 2
-24.1819;  -46.47879; 1
-23.97194;  -46.36967; 3
-23.97042;  -46.37228; 4
-23.94431;  -46.33002; 3
-23.99865;  -46.41454; 1
-23.9988;  -46.41442; 2
-23.94384;  -46.32515; 1
-23.96892;  -46.3889; 1
-23.96479;  -46.33259; 5
-23.99872;  -46.41442; 7
-23.97467;  -46.40167; 6
-23.96375;  -46.38504; 3
-23.99867;  -46.41455; 3
-23.96481;  -46.38266; 2
-23.97089;  -46.37142; 4
-24.1813;  -46.47878; 2
-23.99862;  -46.41446; 2
-24.1813;  -46.47882; 8
-23.96822;  -46.33975; 1
-24.1822;  -46.47821; 2
-23.94108;  -46.32501; 5
-23.99879;  -46.41428; 7
-23.94693;  -46.33028; 7
-23.97037;  -46.3723; 5
-23.94456;  -46.33001; 1
-23.97137;  -46.36899; 12
-23.96871;  -46.35931; 4
-23.96573;  -46.3809; 1
-24.182;  -46.47871; 5
-23.99892;  -46.41358; 1
-23.97148;  -46.37037; 8
-23.96624;  -46.381; 3
-23.968;  -46.34586; 1
-23.99829;  -46.41405; 4
-23.96886;  -46.33602; 4
-23.96789;  -46.34769; 2
-23.99883;  -46.41445; 5
-24.1819;  -46.47917; 1
-23.96906;  -46.39058; 3
-23.96913;  -46.38919; 2
-23.96965;  -46.37377; 10
-23.94954;  -46.33695; 4
-23.9368;  -46.32469; 6
-23.9691;  -46.36144; 3
-23.95191;  -46.33726; 4
-23.96968;  -46.36469; 1
-24.182;  -46.47846; 2
-23.96918;  -46.37488; 9
-23.96786;  -46.38733; 1
-23.9789;  -46.40126; 2
-23.96922;  -46.33478; 5
-23.99864;  -46.41447; 1
-23.96518;  -46.38198; 1
-23.96616;  -46.38006; 3
-23.9987;  -46.41446; 1
-23.9639;  -46.38447; 6
-23.96666;  -46.38137; 3
-24.1816;  -46.47882; 7
-23.99873;  -46.41446; 6
-23.9648;  -46.33255; 8
-24.1822;  -46.47874; 22
-24.1818;  -46.47868; 10
-23.97176;  -46.36951; 6
-23.93786;  -46.32465; 6
-23.96834;  -46.35147; 1
-23.9907;  -46.40193; 7
-23.97189;  -46.39561; 4
-23.99922;  -46.41543; 1
-23.96787;  -46.34526; 3
-24.1801;  -46.47865; 10
-23.96788;  -46.34804; 15
-23.95066;  -46.3371; 6
-23.95941;  -46.33184; 3
-23.96814;  -46.34962; 1
-23.96933;  -46.33419; 14
-23.9716;  -46.39278; 2
-23.94445;  -46.32658; 6
-23.98644;  -46.40051; 3
-23.95946;  -46.33186; 6
-23.99538;  -46.40772; 14
-24.1813;  -46.47868; 4
-24.1812;  -46.47871; 11
-23.9715;  -46.3702; 5
-23.96674;  -46.37933; 8
-23.94977;  -46.33061; 1
-23.96789;  -46.38229; 1
-24.1809;  -46.47877; 3
-23.972;  -46.39715; 3
-23.99864;  -46.41435; 12
-23.96791;  -46.38443; 4
-24.1826;  -46.47877; 5
-23.96944;  -46.38716; 3
-23.96625;  -46.38026; 2
-23.99875;  -46.41441; 2
-23.94439;  -46.32993; 6
-23.93482;  -46.32837; 4
-23.96375;  -46.38552; 1
-23.96154;  -46.33843; 2
-23.99631;  -46.40929; 1
-24.1816;  -46.47875; 4
-24.1821;  -46.47874; 17
-24.24;  -46.43055; 6
-23.99868;  -46.41453; 1
-23.9985;  -46.41452; 1
-23.96751;  -46.38192; 5
-23.96356;  -46.33868; 1
-24.1818;  -46.47873; 17
-23.95696;  -46.33786; 1
-23.93472;  -46.32778; 5
-23.96817;  -46.34018; 6
-23.96807;  -46.34234; 8
-23.97152;  -46.37027; 3
-23.96639;  -46.40085; 5
-23.93574;  -46.33387; 6
-24.181;  -46.47875; 7
-23.94432;  -46.32763; 12
-23.99871;  -46.41456; 3
-23.95696;  -46.33792; 3
-23.96843;  -46.33879; 1
-23.96916;  -46.33306; 4
-23.9679;  -46.34935; 5
-23.96603;  -46.38088; 1
-23.96746;  -46.38188; 1
-23.96552;  -46.3389; 2
-23.99866;  -46.4144; 1
-23.93367;  -46.33254; 1
-23.94442;  -46.32693; 6
-24.1813;  -46.47872; 33
-24.181;  -46.47868; 3
-24.1808;  -46.47874; 14
-23.96599;  -46.38653; 1
-23.96683;  -46.3327; 8
-23.96719;  -46.40197; 3
-23.98075;  -46.40107; 3
-24.526;  -46.44105; 9
-23.96828;  -46.40219; 1
-23.9683;  -46.38543; 3
-23.99936;  -46.4142; 3
-23.96655;  -46.38675; 13
-23.95613;  -46.33139; 3
-23.94401;  -46.3252; 2
-23.97195;  -46.39734; 1
-23.96873;  -46.37529; 4
-23.99807;  -46.41353; 6
-23.93412;  -46.33146; 6
-23.9684;  -46.35388; 3
-23.9679;  -46.33912; 6
-23.95496;  -46.3313; 4
-24.1822;  -46.47922; 1
-23.96739;  -46.37804; 3
-23.9981;  -46.41365; 2
-24.1819;  -46.47874; 20
-23.94821;  -46.33678; 3
-23.98678;  -46.40043; 6
-23.94468;  -46.33003; 13
-23.968;  -46.34407; 1
-24.1816;  -46.47854; 1
-24.1823;  -46.47874; 9
-23.9359;  -46.32449; 6
-24.1818;  -46.47878; 1
-23.97027;  -46.36748; 2
-23.96848;  -46.3536; 1
-23.96866;  -46.38542; 3
-23.956886;  -46.33786099; 9
-24.1824;  -46.47875; 6
-23.97157;  -46.39162; 3
-23.99655;  -46.40924; 3
-23.96862;  -46.38782; 2
-24.1811;  -46.47877; 2
-23.96834;  -46.35243; 13
-23.99904;  -46.41423; 3
-23.950733;  -46.33714; 5
-23.9346;  -46.32823; 3
-24.1813;  -46.47879; 1
-23.97132;  -46.37067; 1
-23.96812;  -46.38254; 5
-23.99863;  -46.41445; 4
-23.97231;  -46.40102; 8
-23.97184;  -46.39474; 2
-24.304;  -46.43465; 2
-23.94161;  -46.325; 4
-24.1815;  -46.47873; 6
-23.97058;  -46.36845; 10
-23.93486;  -46.33476; 15
-24.1813;  -46.47871; 9
-23.96839;  -46.33297; 2
-23.99935;  -46.4142; 2
-23.96852;  -46.33298; 8
-23.95667;  -46.33783; 5
-23.96433;  -46.38368; 1
-23.95368;  -46.33106; 1
-23.96033;  -46.33826; 10
-23.96863;  -46.3567; 4
-23.96782;  -46.37735; 10
-23.96705;  -46.37853; 6
-23.95339;  -46.33745; 1
-23.96786;  -46.34521; 4
-23.94886;  -46.33057; 2
-23.99864;  -46.41442; 1
-23.99918;  -46.41543; 6
-23.96465;  -46.33251; 2
-23.96911;  -46.36165; 7
-24.1745;  -46.479; 2
-23.94425;  -46.33001; 2
-24.1813;  -46.47881; 4
-23.99866;  -46.41448; 7
-23.96854;  -46.35744; 1
-23.95683;  -46.33785; 7
-23.93491;  -46.33472; 6
-23.97192;  -46.39631; 6
-23.97153;  -46.3703; 5
-24.1813;  -46.47692; 1
-24.42;  -46.43686; 7
-23.96962;  -46.3638; 9
-24.1811;  -46.4787; 3
-24.1813;  -46.47874; 2
-23.96931;  -46.3633; 7
-23.95321;  -46.3374; 2
-23.99863;  -46.41442; 1
-23.95662;  -46.33148; 6
-23.96905;  -46.38551; 5
-23.96801;  -46.3433; 1
-23.97155;  -46.39854; 2
-23.93424;  -46.33526; 3
-23.93419;  -46.33527; 1
-23.95029;  -46.33068; 9
-23.99871;  -46.4144; 5
-23.96837;  -46.353; 2
-23.97014;  -46.38783; 3
-24.1816;  -46.47859; 1
-23.96926;  -46.38575; 4
-24.1821;  -46.47863; 2
-23.99875;  -46.41443; 2
-23.96433;  -46.38582; 5
-24.1804;  -46.47871; 1
-23.96091;  -46.3384; 2
-23.99869;  -46.41454; 1
-23.96091;  -46.33842; 1
-23.99934;  -46.41425; 5
-23.97249;  -46.40153; 5
-23.95253;  -46.33092; 1
-24.1809;  -46.47869; 1
-23.96939;  -46.40094; 18
-23.96038;  -46.33193; 2
-23.93387;  -46.33179; 7
-23.96073;  -46.33832; 14
-23.95258;  -46.33095; 6
-23.97216;  -46.3989; 6
-23.96926;  -46.38579; 1
-23.96808;  -46.35084; 6
-23.96901;  -46.37512; 7
-23.9693;  -46.37433; 5
-23.99872;  -46.41449; 1
-23.95022;  -46.33071; 1
-23.96873;  -46.38536; 2
-23.93381;  -46.33193; 1
-23.99866;  -46.41443; 3
-23.97161;  -46.37022; 7
-23.94879;  -46.33056; 1
-24.1818;  -46.47874; 16
-23.99864;  -46.4146; 1
-23.9682;  -46.33284; 4
-23.9685;  -46.35224; 4
-23.96826;  -46.35135; 1
-23.99864;  -46.4143; 7
-24.1812;  -46.47883; 4
-23.96714;  -46.38172; 6
-23.98683;  -46.40047; 1
-23.96828;  -46.35791; 1
-23.94453;  -46.32539; 6
-23.96841;  -46.35821; 10
-23.95753;  -46.33796; 8
-23.9707;  -46.37167; 1
-23.96092;  -46.33206; 6
-23.9679;  -46.38451; 1
-24.1807;  -46.47874; 8
-23.9717;  -46.39277; 2
-23.93505;  -46.32649; 4
-24.1824;  -46.47877; 14
-24.1819;  -46.47885; 2
-24.1812;  -46.47877; 1
-24.1809;  -46.47875; 9
-23.96792;  -46.3436; 6
-23.9342;  -46.33529; 2
-23.99864;  -46.41438; 3
-23.97189;  -46.39659; 12
-23.96835;  -46.40206; 12
-24.1809;  -46.47873; 1
-23.96351;  -46.38533; 1
-24.1821;  -46.47873; 12
-23.9683;  -46.35331; 1
-24.1816;  -46.47873; 12
-24.1819;  -46.47873; 3
-23.97091;  -46.3915; 3
-23.96357;  -46.38528; 3
-23.96826;  -46.3396; 5
-23.99931;  -46.41422; 3
-23.96449;  -46.33879; 4
-23.96532;  -46.38161; 6
-23.96985;  -46.36569; 1
-23.93354;  -46.33279; 2
-23.96714;  -46.33256; 9
-23.99924;  -46.41226; 2
-23.96242;  -46.33856; 4
-23.96386;  -46.38451; 2
-23.95811;  -46.33165; 7
-23.96517;  -46.33881; 3
-23.95373;  -46.33748; 5
-23.9681;  -46.34166; 1
-24.182;  -46.47874; 1
-24.1811;  -46.47872; 4
-23.99505;  -46.40723; 2
-23.99881;  -46.41487; 1
-23.96982;  -46.3656; 3
-23.9653;  -46.38159; 2
-23.96102;  -46.33843; 7
-23.99447;  -46.40668; 3
-23.95162;  -46.33721; 2
-23.96914;  -46.37484; 5
-23.96381;  -46.38551; 1
-23.97025;  -46.36748; 7
-24.77;  -46.42259; 1
-24.1825;  -46.47874; 6
-23.95982;  -46.33189; 1
-23.96905;  -46.39096; 1
-24.1815;  -46.47876; 5
-23.96634;  -46.38018; 3
-23.96528;  -46.33888; 1
-23.95993;  -46.33185; 5
-23.99883;  -46.41349; 2
-23.9993;  -46.41424; 2
-24.1814;  -46.4787; 6
-24.1746;  -46.47904; 2
-23.93419;  -46.33526; 5
-23.99897;  -46.41503; 1
-24.1818;  -46.47883; 3
-23.96012;  -46.33194; 4
-23.99504;  -46.40722; 4
-23.96922;  -46.33303; 2
